20 30
100 30
70 70
40 110
180 30
150 70
120 110
80 150
50 190
260 30
220 70
190 110
160 150
130 190
100 230
70 270
330 20
300 60
270 100
240 140
210 180
180 220
150 270
110 300
80 340
410 20
380 60
350 100
320 140
280 180
250 220
220 260
190 300
160 340
130 380
100 420
490 20
450 60
420 100
390 140
360 180
330 220
300 260
270 300
240 340
210 380
180 420
150 460
110 500
560 20
530 60
500 100
470 140
440 180
410 220
380 260
350 300
320 340
290 380
250 420
220 460
190 500
160 540
130 580
640 20
610 60
580 100
550 140
520 180
490 220
460 260
430 300
390 340
360 380
330 420
300 460
270 500
240 540
210 580
180 620
140 650

